# Created by Octave 4.2.2, Sat Aug 20 22:56:35 2022 -03 <antonio@antonio-550XBE-350XBE>
# name: ShapeData
# type: scalar struct
# ndims: 2
 1 1
# length: 5
# name: Evectors
# type: matrix
# rows: 27
# columns: 27
 0.03116233269919613 0.001340246446494336 0.02666109671682774 0.04897769790926856 0.03055237761967348 0.001152542583429254 0.3389195929260677 0.01746942914979511 0.01880019222304862 0.1426252010987729 0.1145389095075503 0.2655289704328962 0.1050359023849138 0.1235932361459178 0.06799593876521605 0.1514796632521368 0.4393364833847958 0.02980585813202679 0.1591120301089223 0.05825857409977538 0.03995107519445684 0.2152849328107908 0.2492672493255862 0.3091417257460313 0.4952667766590605 0.215830771722697 0.03846147217601063
 -0.02585452367387972 -0.008338893502550413 0.05831957968383864 -0.1626642585934484 0.05155393612264021 -0.2252593634753198 0.07454037523856767 -0.003603461441640811 -0.01522055486334426 0.1173814829654782 -0.1566627387295312 0.0733165803674256 -0.5136282182047536 -0.01706683921671113 0.02416429415071811 -0.07252498042695017 0.4720222353076843 0.04678824835291646 0.08874043032531181 0.2355695752844931 0.4160700316195241 -0.1811015501093528 -0.1481982806755083 -0.2275558201945503 -0.1677952789190755 0.01927975268988917 0.00304959922880809
 0.001612735013193561 -0.1893412090661477 0.0940917862453008 -0.0005287980579874458 -0.1132136636313663 0.06887995922167189 -0.007352633205833013 0.3396129722609346 -0.05785120531747936 -0.03172153151995041 -0.08493626012532365 0.03301947898341845 -0.18700438492045 0.1689705496886248 -0.1747683518890344 -0.06635953124448989 -0.2791607373467835 0.1126566731370487 -0.123241088153456 0.38103218996672 0.1461417966861433 0.4988180439819096 0.2012566803759875 -0.2338767019698928 0.1947708181830917 -0.2262693741398153 0.0755324800104961
 0.02880961582558671 0.00309446639608246 0.04349815811024514 0.05465763034302794 0.03468750443154436 0.0264151033327048 0.3686211446044947 -0.0142474233454758 0.03889996518625365 0.05962030467547339 0.0752806046440304 -0.1905609593991892 0.2429588792494247 0.147358584940175 -0.01660936418753064 -0.2307896070287195 -0.1450236033121564 -0.1682338221406692 -0.2568314524508436 0.2637008315163061 0.3237862402834965 -0.2298550898365548 -0.1243521263279652 0.2569961163104511 -0.08037875818611954 -0.01060756245948396 0.494342033559183
 -0.02416521857243279 0.03114830294421178 0.06499056044856738 -0.1963883939370279 0.1092546426588886 -0.2438154889722028 -0.03473544115298787 -0.121082565413982 0.1630369223399559 0.1108689073016596 -0.3989205844566705 0.1026884004474266 -0.07900597412383487 0.1430932968523918 0.1128620522569516 -0.3410868030693975 -0.1289960258045831 0.09069426268877719 -0.4796917550995645 -0.06778183039149885 -0.04708047061335345 0.009223061662279392 0.1645028518484817 0.2977734946672069 0.08059676170634321 0.1258177706687258 -0.3226926660820618
 -0.01205510616942157 -0.1297846596664629 0.03899274014601538 0.006545900071993537 -0.1914848994887416 0.03243282023207802 -0.02432983641508779 0.217199033866546 -0.1233735740671727 0.3278427322089678 0.3334775620753823 0.2776474033845168 -0.1500019706889593 -0.004868676545933208 0.03287147553645089 0.1025344630064173 -0.1946389050959203 0.1305128120750099 -0.05906552722276386 0.2286716017057054 -0.1488514732306393 -0.5603949438367282 0.165213040048065 0.150309040554107 0.01300064464112794 -0.144162261361424 -0.1819606875655627
 -0.1822378138882 -0.2128466627301261 -0.3318904571049216 0.09032738281322379 0.4790986644978027 -0.01642384087691723 0.2589308525587367 0.1502773276641022 -0.02890932579816943 0.2943945781198867 -0.2095733796601798 -0.1722423613198111 -0.03500902739085963 0.05624001209410044 -0.2018318339962662 0.4484440160291718 -0.116516282500687 0.0279746493294591 -0.03949249007991916 -0.0266175376448522 -0.008351502014182647 0.03956667962839933 -0.1050836547491725 0.07888858623714723 -0.134112671068405 0.001195122149439479 -0.1513503255535423
 -0.06521611998260726 0.04123932656793401 0.08564417078242229 -0.2865433453208101 0.06002097116356368 -0.297381097938225 -0.06033668225968339 -0.167600891791347 0.2323964390529057 -0.1519599745645585 -0.1253998921433781 0.02199125161044592 -0.1967623884259561 -0.1500931350164202 -0.2876394923810426 0.2970076906635861 -0.1940041737617761 -0.3056430701961689 0.1394725449341473 0.001805852312733722 -0.08467494023696293 -0.1761869536392817 0.3115570964004429 0.07262584935193371 0.2020082062936333 -0.1129181799786262 0.3327317538491437
 0.06712867630576355 -0.167996491315401 0.09742040345517342 0.1101144029629268 -0.3664482972991467 -0.06256653781256173 -0.0230725513688642 0.4630602137948363 0.3957444674810986 0.00572757905630094 -0.07558288034501316 -0.1828117899720015 -0.07260196998040211 -0.1076334470153258 0.1619186754086101 0.2505854146686652 0.05126678250745694 0.06596069061275303 -0.1916565183046908 -0.411984584848151 0.2169459100564357 -0.05920352222553899 -0.02753209547360022 0.04741514417087304 0.04236931260006688 0.1087002560489918 0.1011065413658373
 -0.244018834350434 -0.3385818882640867 -0.2355331338189606 -0.0225679520992626 -0.3116298079596405 -0.05102535722577648 0.3669969668633759 -0.3146110705310602 0.2238286704593267 0.0008586769758350137 0.05631364400473602 -0.2254670892831561 0.01514879091547051 -0.04877610120568019 0.007835451509554295 -0.1329755551035131 -0.001667800116782123 0.1299081073576835 -0.02781578898310752 0.1067273957041843 -0.2360371785900818 -0.08566007368884584 0.1222649269603401 -0.3867870951521185 0.09692488587015702 0.2090658507671802 -0.0473149454672242
 -0.05203816139355344 0.02659097690998124 0.04305398797904126 -0.2667306847417391 0.003792597418735596 -0.3291906503740249 -0.06861239208757912 -0.06966023983896104 -0.02386470450364939 -0.0469035689114508 0.159203585637722 -0.3412505792875044 0.105222019541515 0.07192180676300912 0.2618778187622978 0.1262814704200892 -0.1786646158249562 0.2701531046665275 0.1975736139860795 0.125269445413571 0.1461676847111987 0.008762456311583539 -0.3869737803513809 0.112202972283317 0.3907821239121534 -0.1868704718130995 -0.1710660648957655
 -0.08353552417648191 -0.1314472967763081 0.1356824888107925 -0.1534952032432197 -0.04942533019353757 0.06937207885697896 -0.02820174672443635 -0.2572564520369218 -0.1997657750442735 0.1683413375148382 0.1869933049169344 -0.05795879487415926 0.1343259731637519 0.1591281202072343 -0.4340164616089588 -0.03743043229623744 0.07287720516865645 0.1626065765097328 -0.0946087260170041 -0.4770021830974727 0.3942148280201621 -0.04840429910479643 0.1843159816546076 -0.08840411085869483 0.05460264822782192 -0.2070778627214815 -0.07874868030251884
 0.301725818966157 0.3323587442895237 0.2836777343625832 0.1744305646611681 0.3616044615142526 0.007803870007797831 0.147458919438712 0.1631908840816392 0.03989090981065093 0.1167218913301148 -0.01103261236769664 -0.2245304930717459 0.04590609694652325 -0.1379067808880078 -0.08782147918814948 -0.094263379574465 -0.06488715269211531 0.09010928230382281 -0.04523218127946317 -0.02544427752368719 -0.06047677030087455 -0.2445067245124867 0.1150651654980692 -0.4340997575335618 0.3177881937608671 0.1261103857690512 -0.08883196113782586
 -0.02551511488826813 -0.008714855319538611 0.03227130034238192 -0.1341508036196338 0.01885308354593511 -0.2014751215014403 0.1611344783632119 0.2673878129368312 -0.2053533571815298 0.0003628179971705085 0.3989117973498874 -0.358852507398085 -0.3414074822597091 0.03405655890102244 -0.1068430147869562 -0.2706898610408767 0.1120811790529967 -0.3423362265537666 -0.03958569694618125 -0.1831422081265384 -0.282456721550007 0.1694180309385158 -0.003385024593858183 0.1650744415919464 -0.04015139182214929 0.02656859246341129 -0.08009995074841735
