# Created by Octave 4.2.2, Sat Aug 13 16:17:18 2022 -03 <antonio@antonio-550XBE-350XBE>
# name: ShapeData
# type: scalar struct
# ndims: 2
 1 1
# length: 5
# name: Evectors
# type: matrix
# rows: 45
# columns: 1
 1
 0
 0
 0
 0
 0
 0
 0
 0
 0
 0
 0
 0
 0
 0
 0
 0
 0
 0
 0
 0
 0
 0
 0
 0
 0
 0
 0
 0
 0
 0
 0
 0
 0
 0
 0
 0
 0
 0
 0
 0
 0
 0
 0
 0


# name: Evalues
# type: scalar
0


# name: x_mean
# type: matrix
# rows: 45
# columns: 1
 155.8876028828
 106.1314024375
 147.8834845442
 73.5393938891
 106.1314024375
 147.8834845442
 242.1571551618
 106.1314024375
 147.8834845442
 156.541160097
 167.7396361018
 147.8834845442
 156.541160097
 48.3736833771
 147.8834845442
 183.9905630949
 126.0257278915
 147.8834845442
 183.3370058807
 138.8607765717
 147.8834845442
 0.1
 0.1
 0.1
 0.1
 0.1
 0.1
 189.9344060961
 111.2654219093
 120.2033876901
 190.5498108684
 89.4458391532
 119.9418159482
 124.5168565995
 105.4896500034
 147.8834845442
 97.06745360159999
 105.4896500034
 147.8834845442
 115.1536073861
 123.4201555305
 93.7126426472
 115.1325907733
 73.1425377589
 100.6701023135


# name: landmark_unwant
# type: scalar
1


# name: imgSizeCNN
# type: matrix
# rows: 1
# columns: 3
 324 207 279




