# Created by Octave 4.2.2, Sat Aug 20 22:56:35 2022 -03 <antonio@antonio-550XBE-350XBE>
# name: ShapeData
# type: scalar struct
# ndims: 2
 1 1
# length: 5
# name: Evectors
# type: matrix
# rows: 27
# columns: 27
 0.03116233269919613 0.001340246446494336 0.02666109671682774 0.04897769790926856 0.03055237761967348 0.001152542583429254 0.3389195929260677 0.01746942914979511 0.01880019222304862 0.1426252010987729 0.1145389095075503 0.2655289704328962 0.1050359023849138 0.1235932361459178 0.06799593876521605 0.1514796632521368 0.4393364833847958 0.02980585813202679 0.1591120301089223 0.05825857409977538 0.03995107519445684 0.2152849328107908 0.2492672493255862 0.3091417257460313 0.4952667766590605 0.215830771722697 0.03846147217601063
 -0.02585452367387972 -0.008338893502550413 0.05831957968383864 -0.1626642585934484 0.05155393612264021 -0.2252593634753198 0.07454037523856767 -0.003603461441640811 -0.01522055486334426 0.1173814829654782 -0.1566627387295312 0.0733165803674256 -0.5136282182047536 -0.01706683921671113 0.02416429415071811 -0.07252498042695017 0.4720222353076843 0.04678824835291646 0.08874043032531181 0.2355695752844931 0.4160700316195241 -0.1811015501093528 -0.1481982806755083 -0.2275558201945503 -0.1677952789190755 0.01927975268988917 0.00304959922880809
 0.001612735013193561 -0.1893412090661477 0.0940917862453008 -0.0005287980579874458 -0.1132136636313663 0.06887995922167189 -0.007352633205833013 0.3396129722609346 -0.05785120531747936 -0.03172153151995041 -0.08493626012532365 0.03301947898341845 -0.18700438492045 0.1689705496886248 -0.1747683518890344 -0.06635953124448989 -0.2791607373467835 0.1126566731370487 -0.123241088153456 0.38103218996672 0.1461417966861433 0.4988180439819096 0.2012566803759875 -0.2338767019698928 0.1947708181830917 -0.2262693741398153 0.0755324800104961
 0.02880961582558671 0.00309446639608246 0.04349815811024514 0.05465763034302794 0.03468750443154436 0.0264151033327048 0.3686211446044947 -0.0142474233454758 0.03889996518625365 0.05962030467547339 0.0752806046440304 -0.1905609593991892 0.2429588792494247 0.147358584940175 -0.01660936418753064 -0.2307896070287195 -0.1450236033121564 -0.1682338221406692 -0.2568314524508436 0.2637008315163061 0.3237862402834965 -0.2298550898365548 -0.1243521263279652 0.2569961163104511 -0.08037875818611954 -0.01060756245948396 0.494342033559183
 -0.02416521857243279 0.03114830294421178 0.06499056044856738 -0.1963883939370279 0.1092546426588886 -0.2438154889722028 -0.03473544115298787 -0.121082565413982 0.1630369223399559 0.1108689073016596 -0.3989205844566705 0.1026884004474266 -0.07900597412383487 0.1430932968523918 0.1128620522569516 -0.3410868030693975 -0.1289960258045831 0.09069426268877719 -0.4796917550995645 -0.06778183039149885 -0.04708047061335345 0.009223061662279392 0.1645028518484817 0.2977734946672069 0.08059676170634321 0.1258177706687258 -0.3226926660820618
 -0.01205510616942157 -0.1297846596664629 0.03899274014601538 0.006545900071993537 -0.1914848994887416 0.03243282023207802 -0.02432983641508779 0.217199033866546 -0.1233735740671727 0.3278427322089678 0.3334775620753823 0.2776474033845168 -0.1500019706889593 -0.004868676545933208 0.03287147553645089 0.1025344630064173 -0.1946389050959203 0.1305128120750099 -0.05906552722276386 0.2286716017057054 -0.1488514732306393 -0.5603949438367282 0.165213040048065 0.150309040554107 0.01300064464112794 -0.144162261361424 -0.1819606875655627
 -0.1822378138882 -0.2128466627301261 -0.3318904571049216 0.09032738281322379 0.4790986644978027 -0.01642384087691723 0.2589308525587367 0.1502773276641022 -0.02890932579816943 0.2943945781198867 -0.2095733796601798 -0.1722423613198111 -0.03500902739085963 0.05624001209410044 -0.2018318339962662 0.4484440160291718 -0.116516282500687 0.0279746493294591 -0.03949249007991916 -0.0266175376448522 -0.008351502014182647 0.03956667962839933 -0.1050836547491725 0.07888858623714723 -0.134112671068405 0.001195122149439479 -0.1513503255535423
 -0.06521611998260726 0.04123932656793401 0.08564417078242229 -0.2865433453208101 0.06002097116356368 -0.297381097938225 -0.06033668225968339 -0.167600891791347 0.2323964390529057 -0.1519599745645585 -0.1253998921433781 0.02199125161044592 -0.1967623884259561 -0.1500931350164202 -0.2876394923810426 0.2970076906635861 -0.1940041737617761 -0.3056430701961689 0.1394725449341473 0.001805852312733722 -0.08467494023696293 -0.1761869536392817 0.3115570964004429 0.07262584935193371 0.2020082062936333 -0.1129181799786262 0.3327317538491437
 0.06712867630576355 -0.167996491315401 0.09742040345517342 0.1101144029629268 -0.3664482972991467 -0.06256653781256173 -0.0230725513688642 0.4630602137948363 0.3957444674810986 0.00572757905630094 -0.07558288034501316 -0.1828117899720015 -0.07260196998040211 -0.1076334470153258 0.1619186754086101 0.2505854146686652 0.05126678250745694 0.06596069061275303 -0.1916565183046908 -0.411984584848151 0.2169459100564357 -0.05920352222553899 -0.02753209547360022 0.04741514417087304 0.04236931260006688 0.1087002560489918 0.1011065413658373
 -0.244018834350434 -0.3385818882640867 -0.2355331338189606 -0.0225679520992626 -0.3116298079596405 -0.05102535722577648 0.3669969668633759 -0.3146110705310602 0.2238286704593267 0.0008586769758350137 0.05631364400473602 -0.2254670892831561 0.01514879091547051 -0.04877610120568019 0.007835451509554295 -0.1329755551035131 -0.001667800116782123 0.1299081073576835 -0.02781578898310752 0.1067273957041843 -0.2360371785900818 -0.08566007368884584 0.1222649269603401 -0.3867870951521185 0.09692488587015702 0.2090658507671802 -0.0473149454672242
 -0.05203816139355344 0.02659097690998124 0.04305398797904126 -0.2667306847417391 0.003792597418735596 -0.3291906503740249 -0.06861239208757912 -0.06966023983896104 -0.02386470450364939 -0.0469035689114508 0.159203585637722 -0.3412505792875044 0.105222019541515 0.07192180676300912 0.2618778187622978 0.1262814704200892 -0.1786646158249562 0.2701531046665275 0.1975736139860795 0.125269445413571 0.1461676847111987 0.008762456311583539 -0.3869737803513809 0.112202972283317 0.3907821239121534 -0.1868704718130995 -0.1710660648957655
 -0.08353552417648191 -0.1314472967763081 0.1356824888107925 -0.1534952032432197 -0.04942533019353757 0.06937207885697896 -0.02820174672443635 -0.2572564520369218 -0.1997657750442735 0.1683413375148382 0.1869933049169344 -0.05795879487415926 0.1343259731637519 0.1591281202072343 -0.4340164616089588 -0.03743043229623744 0.07287720516865645 0.1626065765097328 -0.0946087260170041 -0.4770021830974727 0.3942148280201621 -0.04840429910479643 0.1843159816546076 -0.08840411085869483 0.05460264822782192 -0.2070778627214815 -0.07874868030251884
 0.301725818966157 0.3323587442895237 0.2836777343625832 0.1744305646611681 0.3616044615142526 0.007803870007797831 0.147458919438712 0.1631908840816392 0.03989090981065093 0.1167218913301148 -0.01103261236769664 -0.2245304930717459 0.04590609694652325 -0.1379067808880078 -0.08782147918814948 -0.094263379574465 -0.06488715269211531 0.09010928230382281 -0.04523218127946317 -0.02544427752368719 -0.06047677030087455 -0.2445067245124867 0.1150651654980692 -0.4340997575335618 0.3177881937608671 0.1261103857690512 -0.08883196113782586
 -0.02551511488826813 -0.008714855319538611 0.03227130034238192 -0.1341508036196338 0.01885308354593511 -0.2014751215014403 0.1611344783632119 0.2673878129368312 -0.2053533571815298 0.0003628179971705085 0.3989117973498874 -0.358852507398085 -0.3414074822597091 0.03405655890102244 -0.1068430147869562 -0.2706898610408767 0.1120811790529967 -0.3423362265537666 -0.03958569694618125 -0.1831422081265384 -0.282456721550007 0.1694180309385158 -0.003385024593858183 0.1650744415919464 -0.04015139182214929 0.02656859246341129 -0.08009995074841735
 0.006572702940876275 -0.1699265410242207 0.1345127707034436 0.1027306363520603 -0.01365591614860244 -0.2059267947809528 -0.3080173522806153 -0.04212970649785993 0.002798189551280317 0.6629695922265018 -0.1427700744442627 -0.2015725560094804 0.1764494073527044 -0.04052634875847396 0.1697125604750395 -0.1598922772509756 0.05617603973538005 -0.06245251901647081 0.2721858439710881 0.02274681751499083 -0.1236239646131849 0.1350276401044112 0.1645822665248372 -0.02138930348137737 -0.09845703216425782 -0.06907392570105042 0.2414804672939601
 0.1930194072504152 0.2549873569250564 0.4542537728764687 -0.114309408478922 -0.3383761258825818 0.09885854051830383 0.3318678882034011 -0.1935745454514723 0.03445141721762025 0.1483189335877537 -0.1388142796730947 -0.1492115498549888 -0.02282039459099288 0.1085069280700782 -0.09856478144874996 0.3230683824900907 -0.01926179932127051 0.03890552653627969 0.02740267441342511 0.1185278177983572 -0.1692580536726033 0.1562345268099112 -0.05222737781682432 0.08676766462174469 -0.3199736488060534 -0.04969134137573681 -0.1745874559896897
 -0.0410091482754395 0.01913273258122977 0.04685110087262388 -0.2361078480874672 0.07160901993274926 -0.2765268684859758 0.1274915220456771 0.2799217203563938 -0.04467531349379678 -0.1224996257642305 -0.03748437691456943 0.1607684425309082 0.2250659418730699 -0.09512468669464982 -0.2146898674799335 -0.1030359131934345 0.1517563205255915 0.5735833866449789 0.004415510617546583 -0.06037919102902337 -0.315272426689371 -0.0003775067005157735 -0.05774060797833357 0.02348341290865751 -0.2058267945143428 -0.05312903437250333 0.3146064359060195
 -0.06215196232194102 -0.1152190979550638 0.01104656662734355 -0.1511043656419475 -0.07739072039376954 0.1670355799313381 0.2792366482132311 0.2032725860294161 -0.3694233354778235 -0.2020702499822173 -0.451704451104595 -0.1407111599548246 0.1270550292866532 -0.1121850272704602 0.2641312620278756 -0.1190316694139109 0.02602324234535901 -0.1091108771634193 0.2636779254090563 -0.1074479989495895 0.04416969286605862 -0.2073145053653037 0.264705558758579 0.04828760642940575 0.03503576303584678 -0.260897266210999 -0.1124270167919292
 0.6170004426460297 -0.1788311253442207 -0.2248825271578968 -0.1359417357539467 0.03301109406642563 -0.03082671544251293 0.2607018438629095 -0.1036769816040066 0.0673815496061335 0.1142027830306143 0.0102433737530225 0.2692737522765846 -0.1856065294271178 0.1468866479146265 0.1334740120280441 -0.1143311966401411 -0.2687812752171013 0.006550510638102875 0.2044475448403157 -0.2968609071805773 -0.02379082621028651 0.05374797084290957 -0.1466272741653546 -0.08804160174924548 -0.0004134481977839797 -0.106823151242916 0.1186860944817796
 -0.03960906933823692 -0.003211711823228238 0.01714210062022897 -0.2356140100117939 0.03199633043664111 -0.144892942108999 -0.03021000109883933 0.2967699384023193 0.3132356184136551 -0.05848675575461423 0.07792577115867902 0.1232017800995491 0.3825076018381417 0.4739515338637809 -0.06949146962251714 -0.03853295241993059 0.004425808686071552 -0.2865608734961145 0.24530438961967 0.06468478014236062 0.07688885896307694 -0.09080542617359998 0.06451404818765485 -0.2134455698106171 -0.1927583647744799 0.1160583717551939 -0.2656442650795733
 -0.03562138548723925 -0.1727586268475655 0.1278156920036859 -0.07213269045611771 -0.09002921812904269 0.002049109939637252 0.01521840923031612 0.02978725789835001 -0.06696369111098681 0.1310420970489134 -0.1729537866515008 0.2246460231514724 0.1822801059556876 -0.03806676549031363 -0.09893566450467556 0.04786220307617908 0.2266557245322704 -0.3602893862267298 -0.3109012927732445 -0.01877150374360068 -0.2559791098209643 -0.04544975994145551 -0.4833574260769788 -0.2033108171573391 0.3042141943472537 -0.275679833199292 0.005339182059384146
 -0.5862136068751088 0.1866737816232373 0.2902791754572295 0.2093545894673821 0.07730636356826551 0.05660966667988147 0.2207376579199853 0.004885511729086967 0.1262971694976953 0.07663155628231812 0.008827635576119895 0.2501456646785111 -0.2093346215664425 0.1564588705226509 0.1674170128389971 -0.1344280467802935 -0.2477543368076761 0.02812306066828697 0.2113790248359232 -0.2759471669125761 -0.03027472623244265 0.03287651372438576 -0.1595587518309738 -0.07002322865197706 0.02778697552492564 -0.08600729184422648 0.1143734764301609
 -0.09086514566280421 0.0696660943798027 0.05302905241189864 -0.2590308009417807 0.02628272476641089 -0.2331859786603945 0.1386995724877665 -0.0008304432827149983 -0.3094432082703489 0.1001443517851715 0.1885893279767559 0.2167672869449398 0.1705583641288851 -0.319028547819413 0.3371699401207593 0.220720128767039 -0.2002114367905569 -0.1495857057289169 -0.2456707801047514 -0.05136223678223133 0.1846888997046401 0.2015178772847241 0.1196301421117589 -0.2589098204001209 -0.1501439265705415 0.235884208449409 0.03695541052877119
 -0.006235806998436115 -0.1739022420848327 0.1440567233022781 -0.04331993515985726 -0.1536903373434589 0.03616222908269792 -0.01413095315098376 0.08367108676368053 -0.1329009286140075 0.07297258585237947 -0.1517495900825145 0.1020715210126655 0.03134715950361942 -0.3068778878307314 -0.3895698863544975 -0.1869169438425365 -0.2570459723153044 -0.04292175324695276 0.2985469971933285 0.03312639200492894 0.1382664299565558 0.0005416009580544578 -0.2818420276438839 0.1666209812313081 0.09910972167599899 0.518138925378986 -0.1179790578307348
 0.01186179626737669 -0.01834422253381893 -0.003689874991494505 0.08288187712064393 0.09435143184362851 -0.04580143882829858 0.1903299360916895 -0.004361718894475672 0.4157359629571721 0.02782367187065074 0.1730150321990003 0.1008843444360293 0.1317708065873008 -0.5543443854088597 -0.07499867070948357 -0.1930872778663572 0.03865731275079887 -0.05735602207852834 0.06404179500897887 0.07744740834989866 0.1602249473252389 0.167920945043117 0.03687723807571315 0.1194421699078833 -0.1146340911550676 -0.4237524243515068 -0.2949875701642506
 -0.1205640206663495 0.3116549194542442 -0.2544167774789214 -0.5747197519408966 -0.01528370030624852 0.5335222727514447 -0.07063277170119558 0.1299860168793266 0.197693549861636 0.3012980876900834 0.01465568193630758 -0.08294500579299961 -0.05069357714311449 -0.1104653075429354 0.02265866006713902 -0.07225051787483086 0.02118281314274951 0.03331802992249411 -0.008631253574219488 -0.00180221927088698 -0.01537346745730712 0.04446200587667058 -0.04134422398270678 -0.01234389828391316 0.09508865742158888 0.03071000528043366 0.1156699015096453
 0.03029787241486526 -0.5395246050813176 0.4781629111029262 -0.2283449048817756 0.4002933338184267 0.3318646436780822 -0.07072591474360061 -0.08059146648022787 0.137352893545364 -0.1542980494061152 0.1449509415457409 -0.04408899013495565 -0.05403946055556975 -0.02651020919710298 0.1946855479867967 0.04664105796440404 0.04989923828996364 0.05301239421142709 -0.02432873159978752 0.04421422366262344 -0.08460819889800247 -0.005675862432052472 -0.0007608135426237557 0.03951461332489435 -0.08077981540489378 0.1068082346958604 0.03854423698848206


# name: Evalues
# type: matrix
# rows: 27
# columns: 1
 8909.271835232621
 2742.008373597278
 992.9410194774529
 711.1236095533061
 401.3649573785007
 178.4796969875805
 76.05108875423159
 36.39521929514244
 30.23407640653823
 22.65722538607737
 9.872777961580978
 3.188286517971555
 2.714766789292259
 2.587173886598671
 2.410223468966293
 2.194699544096913
 2.029072843694257
 1.765725562369392
 1.596380423042687
 1.496762856429578
 1.396451433905634
 1.182273287692489
 1.110134717539185
 1.020999837580049
 0.8615011039843111
 0.8568773883917881
 0.7010558204215113


# name: x_mean
# type: matrix
# rows: 27
# columns: 1
 256.1414141414141
 58.21212121212121
 57.13131313131313
 255.0909090909091
 44.94949494949495
 31.51515151515152
 162.6666666666667
 86.88888888888889
 56.77777777777778
 171.5050505050505
 88.34343434343434
 28.17171717171717
 341.5252525252525
 102.3131313131313
 50.56565656565657
 326.7878787878788
 100.3838383838384
 18.61616161616162
 345.2929292929293
 127.0505050505051
 46.63636363636363
 155.5050505050505
 107.0909090909091
 52.57575757575758
 256.1010101010101
 212.1616161616162
 210.6868686868687


# name: landmark_unwant
# type: matrix
# rows: 0
# columns: 0


# name: imgSizeCNN
# type: matrix
# rows: 1
# columns: 3
 512 512 256




